{"var":["gene83","gene40","gene23","gene81","gene8","gene59","gene13","gene54","gene46","gene77","gene1","gene62","gene66","gene75","gene50","gene58","gene39","gene98","gene80","gene88","gene26","gene37","gene36","gene22","gene43","gene70","gene45","gene52","gene53","gene72","gene93","gene44","gene76","gene86","gene42","gene9","gene15","gene10","gene97","gene30","gene61","gene3","gene71","gene48","gene63","gene74","gene85","gene90","gene6","gene25","gene68","gene38","gene92","gene32","gene20","gene41","gene79","gene82","gene84","gene49","gene34","gene17","gene100","gene57","gene18","gene60","gene14","gene78","gene11","gene28","gene89","gene94","gene5","gene65","gene56","gene67","gene96","gene33","gene2","gene69","gene12","gene47","gene51","gene31","gene55","gene91","gene64","gene99","gene35","gene16","gene21","gene24","gene27","gene95","gene7","gene73","gene29","gene19","gene4","gene87"],"corr":[[1,0.8767,0.3339,0.3567,0.9069,0.8552,0.916,0.8699,0.6877,0.7576,0.4168,0.5935,0.471,0.4846,0.4192,0.5378,0.658,0.4975,0.8272,0.6624,0.477,0.6316,0.6457,0.3931,0.5293,0.4096,0.4857,0.4277,0.6795,0.8228,0.6674,0.7141,0.7782,0.7161,0.7218,0.7793,0.7306,0.2635,0.5448,0.5057,0.6825,0.4248,0.5385,0.4943,0.5646,0.4208,0.4472,-0.2756,-0.6527,-0.8139,-0.8119,-0.6078,-0.4766,-0.8045,-0.8212,-0.7848,-0.4504,-0.4347,-0.4999,-0.4014,-0.5171,-0.4082,-0.368,-0.3152,-0.5729,-0.4858,-0.6464,-0.5986,-0.334,-0.4796,-0.3562,-0.5548,-0.4349,-0.518,-0.4919,-0.6943,-0.6154,-0.6807,-0.7788,-0.5951,-0.5937,-0.5561,-0.3467,-0.531,-0.4644,-0.5768,-0.5779,-0.5951,-0.5385,-0.5228,-0.4148,-0.4655,-0.1909,-0.348,-0.182,0.0983,-0.4782,-0.8006,-0.7641,-0.7471],[0.8767,1,0.2923,0.3236,0.8895,0.8216,0.8449,0.8564,0.6696,0.7246,0.4093,0.5528,0.4813,0.4678,0.4291,0.5872,0.6777,0.5396,0.8612,0.6261,0.5141,0.5863,0.6377,0.3829,0.5152,0.3982,0.458,0.4354,0.6303,0.7636,0.6262,0.7547,0.8131,0.8075,0.7289,0.7433,0.6912,0.2422,0.5333,0.4732,0.6351,0.3932,0.5717,0.4856,0.5765,0.4352,0.3837,-0.3397,-0.682,-0.831,-0.8187,-0.5548,-0.488,-0.7467,-0.7594,-0.71,-0.4455,-0.4238,-0.5048,-0.4166,-0.4789,-0.4147,-0.4059,-0.3841,-0.6382,-0.4019,-0.6897,-0.5964,-0.3686,-0.5374,-0.3935,-0.5948,-0.397,-0.4537,-0.5264,-0.7187,-0.628,-0.6992,-0.8021,-0.6857,-0.6372,-0.5738,-0.3879,-0.5043,-0.4738,-0.6158,-0.5726,-0.6202,-0.6088,-0.546,-0.3829,-0.4482,-0.1824,-0.346,-0.2047,0.0933,-0.4729,-0.8022,-0.809,-0.7801],[0.3339,0.2923,1,0.4879,0.3341,0.3155,0.3672,0.3171,0.2497,0.2846,0.1677,0.2699,0.15,0.0481,0.0275,0.0993,0.2563,0.1936,0.2723,0.4113,0.1919,0.2649,0.1025,0.1999,0.1701,0.1077,0.1134,-0.0392,0.2969,0.3564,0.2832,0.3606,0.2994,0.2375,0.2333,0.3032,0.2945,0.4552,0.2194,0.1955,0.3499,0.0914,0.2022,0.2977,0.2376,-0.0354,0.1724,-0.0435,-0.2534,-0.3281,-0.2833,-0.1979,-0.3402,-0.2567,-0.295,-0.2183,-0.1557,-0.3205,-0.2251,-0.0699,-0.1509,0.1071,-0.0424,0.0909,-0.128,-0.0919,-0.0989,-0.0893,0.0426,0.1419,-0.1915,-0.3087,-0.2842,-0.3127,-0.2473,-0.3084,-0.2647,-0.3838,-0.2741,-0.0444,-0.2685,-0.0993,-0.0463,-0.0382,-0.1348,-0.218,-0.1885,-0.1824,-0.0443,-0.1809,-0.1293,-0.1326,-0.1444,-0.2173,-0.0886,0.0005,-0.3253,-0.2743,-0.3008,-0.2188],[0.3567,0.3236,0.4879,1,0.3349,0.2913,0.3424,0.3,0.2028,0.2372,0.132,0.2338,0.1503,0.0726,0.0803,0.0495,0.2629,0.2021,0.2401,0.3628,0.0883,0.2126,0.0621,0.1691,0.1176,0.115,0.1356,-0.1525,0.3422,0.4381,0.3098,0.437,0.292,0.3034,0.2422,0.227,0.207,0.6581,0.1772,0.1144,0.2878,0.018,0.1568,0.3406,0.1852,-0.083,0.2567,-0.08,-0.292,-0.3792,-0.3167,-0.2842,-0.3889,-0.2766,-0.3159,-0.2418,-0.1733,-0.4188,-0.2651,-0.1164,-0.2467,0.0786,-0.035,0.0266,-0.3,-0.1862,-0.1241,-0.061,0.0728,0.3286,-0.434,-0.3961,-0.3961,-0.4742,-0.4135,-0.4377,-0.3993,-0.5636,-0.3803,-0.1695,-0.3837,-0.206,-0.1029,-0.0751,-0.1948,-0.3147,-0.1465,-0.2432,0.1401,-0.2334,-0.2107,-0.054,-0.0801,-0.315,-0.0699,0.0076,-0.4449,-0.3168,-0.3385,-0.3204],[0.9069,0.8895,0.3341,0.3349,1,0.8806,0.8845,0.8515,0.6886,0.7443,0.369,0.6012,0.4928,0.4902,0.4061,0.6286,0.7157,0.5329,0.8533,0.6426,0.4886,0.574,0.6218,0.3843,0.5627,0.4029,0.4752,0.3885,0.714,0.8338,0.6648,0.7687,0.8303,0.8117,0.7134,0.7989,0.7808,0.2569,0.5523,0.4933,0.7629,0.5043,0.6379,0.5259,0.6309,0.4002,0.4208,-0.3002,-0.6223,-0.8376,-0.8239,-0.5809,-0.4643,-0.7564,-0.7848,-0.7129,-0.4258,-0.4136,-0.4959,-0.3604,-0.4567,-0.3594,-0.3247,-0.2849,-0.567,-0.3734,-0.6239,-0.5598,-0.3476,-0.4979,-0.343,-0.5904,-0.4,-0.4878,-0.5217,-0.7031,-0.5921,-0.6542,-0.7687,-0.5972,-0.5905,-0.5061,-0.2966,-0.4418,-0.4309,-0.5583,-0.5399,-0.549,-0.5194,-0.5254,-0.3357,-0.4003,-0.1864,-0.359,-0.2274,0.0908,-0.5055,-0.8191,-0.803,-0.7985],[0.8552,0.8216,0.3155,0.2913,0.8806,1,0.8644,0.8262,0.6323,0.6878,0.3712,0.5437,0.4693,0.4882,0.4313,0.5503,0.6702,0.5105,0.7861,0.6017,0.4665,0.595,0.6409,0.3856,0.5806,0.3967,0.4922,0.4292,0.6477,0.787,0.5768,0.7227,0.8005,0.7424,0.7043,0.7552,0.7241,0.2153,0.6117,0.4366,0.6692,0.5005,0.5623,0.4438,0.5761,0.4056,0.3961,-0.3008,-0.6376,-0.8165,-0.8264,-0.5543,-0.4569,-0.779,-0.7821,-0.7258,-0.4373,-0.3545,-0.4932,-0.3782,-0.4461,-0.3676,-0.3213,-0.3381,-0.5787,-0.4353,-0.64,-0.5756,-0.3472,-0.5265,-0.3319,-0.5397,-0.3622,-0.4664,-0.4913,-0.6893,-0.5948,-0.6405,-0.7411,-0.6014,-0.585,-0.5373,-0.3549,-0.4739,-0.4667,-0.6034,-0.5625,-0.5928,-0.5508,-0.5022,-0.3564,-0.4196,-0.1594,-0.3444,-0.2083,0.0803,-0.4888,-0.8082,-0.782,-0.7924],[0.916,0.8449,0.3672,0.3424,0.8845,0.8644,1,0.8887,0.6813,0.7599,0.4925,0.6568,0.5122,0.4488,0.3928,0.5258,0.6229,0.4597,0.8192,0.6707,0.5214,0.7743,0.6724,0.5434,0.5817,0.448,0.5278,0.4677,0.6386,0.8173,0.6848,0.7253,0.8124,0.7005,0.7146,0.8152,0.7322,0.2452,0.5639,0.5581,0.6766,0.393,0.5571,0.453,0.5681,0.4432,0.4515,-0.3125,-0.7168,-0.8535,-0.8685,-0.5646,-0.5195,-0.7949,-0.8476,-0.7518,-0.466,-0.3818,-0.5119,-0.4095,-0.4867,-0.4412,-0.3857,-0.3384,-0.626,-0.4322,-0.6905,-0.6188,-0.3163,-0.5128,-0.3801,-0.5115,-0.4834,-0.5484,-0.5356,-0.7327,-0.688,-0.6992,-0.8024,-0.6403,-0.6555,-0.5902,-0.4133,-0.5349,-0.539,-0.6239,-0.6241,-0.6455,-0.6059,-0.5598,-0.4701,-0.5326,-0.169,-0.3411,-0.1858,0.1299,-0.483,-0.8536,-0.81,-0.825],[0.8699,0.8564,0.3171,0.3,0.8515,0.8262,0.8887,1,0.7668,0.8294,0.5552,0.6279,0.5153,0.5088,0.3857,0.6113,0.6698,0.5571,0.8166,0.6072,0.4942,0.674,0.6514,0.4295,0.497,0.4419,0.5292,0.5032,0.5998,0.7837,0.6504,0.7423,0.8028,0.7229,0.7255,0.8202,0.7462,0.2204,0.5816,0.6318,0.6736,0.4164,0.5922,0.5264,0.6229,0.5192,0.4325,-0.3238,-0.7374,-0.8384,-0.8289,-0.4546,-0.4303,-0.7363,-0.7982,-0.739,-0.5308,-0.4081,-0.5507,-0.3836,-0.4438,-0.3965,-0.3495,-0.3663,-0.5604,-0.3411,-0.7266,-0.6255,-0.3776,-0.5362,-0.3885,-0.5593,-0.4321,-0.5339,-0.5125,-0.7217,-0.6719,-0.6649,-0.8091,-0.6561,-0.5834,-0.5926,-0.3849,-0.5443,-0.3887,-0.5304,-0.5899,-0.6013,-0.6114,-0.533,-0.3764,-0.5044,-0.2203,-0.3471,-0.2027,0.1126,-0.476,-0.8411,-0.8161,-0.8226],[0.6877,0.6696,0.2497,0.2028,0.6886,0.6323,0.6813,0.7668,1,0.9571,0.7071,0.7314,0.4695,0.4021,0.2487,0.5982,0.4846,0.3774,0.7233,0.3816,0.4253,0.4766,0.4716,0.3052,0.4697,0.3348,0.5373,0.4151,0.3678,0.5676,0.5477,0.6116,0.6753,0.5778,0.6487,0.877,0.7685,0.2079,0.3823,0.689,0.5852,0.3673,0.6714,0.6279,0.7924,0.6836,0.4143,-0.2449,-0.5724,-0.6435,-0.5728,-0.0492,-0.1796,-0.5509,-0.5909,-0.5841,-0.5518,-0.3402,-0.5493,-0.3343,-0.2557,-0.2921,-0.1984,-0.295,-0.2309,-0.0793,-0.563,-0.4293,-0.2576,-0.4241,-0.2645,-0.454,-0.3358,-0.4171,-0.4157,-0.5892,-0.5106,-0.5065,-0.6469,-0.5463,-0.4015,-0.4617,-0.3692,-0.3296,0.0105,-0.0976,-0.4079,-0.3915,-0.4591,-0.3875,-0.1319,-0.4576,-0.2481,-0.2866,-0.1876,0.0674,-0.4676,-0.6538,-0.6291,-0.6293],[0.7576,0.7246,0.2846,0.2372,0.7443,0.6878,0.7599,0.8294,0.9571,1,0.7101,0.743,0.5294,0.4287,0.3012,0.6096,0.5202,0.404,0.7652,0.4597,0.4348,0.5449,0.5207,0.3315,0.4673,0.3753,0.5564,0.4434,0.4495,0.6407,0.6136,0.6461,0.7172,0.6161,0.6852,0.8961,0.7648,0.2164,0.4249,0.7091,0.6193,0.3679,0.6817,0.6233,0.7684,0.6798,0.4493,-0.2569,-0.6232,-0.717,-0.6474,-0.1493,-0.2537,-0.6065,-0.6526,-0.6344,-0.5742,-0.3605,-0.5772,-0.3521,-0.3258,-0.3512,-0.2552,-0.3306,-0.3044,-0.1146,-0.6261,-0.49,-0.2959,-0.4561,-0.326,-0.4991,-0.4009,-0.4885,-0.4807,-0.659,-0.5888,-0.5721,-0.7152,-0.5891,-0.4678,-0.5125,-0.4123,-0.3966,-0.1028,-0.1872,-0.4519,-0.4551,-0.509,-0.4585,-0.2202,-0.5155,-0.2532,-0.3094,-0.2001,0.0656,-0.4816,-0.7254,-0.689,-0.6848],[0.4168,0.4093,0.1677,0.132,0.369,0.3712,0.4925,0.5552,0.7071,0.7101,1,0.5505,0.4074,0.1906,0.15,0.334,0.1923,0.1386,0.4509,0.1614,0.2749,0.4603,0.3586,0.2414,0.3433,0.3404,0.4125,0.343,0.1065,0.2985,0.4659,0.3369,0.3941,0.3075,0.5035,0.6214,0.4737,0.1349,0.2838,0.6459,0.249,0.1731,0.5136,0.4092,0.6066,0.5632,0.3391,-0.1569,-0.4148,-0.4199,-0.3688,0.0877,-0.1029,-0.3439,-0.4223,-0.4013,-0.4335,-0.1275,-0.2684,-0.198,-0.1059,-0.2717,-0.1757,-0.3222,-0.1911,-0.0932,-0.4598,-0.2707,-0.1433,-0.2917,-0.3224,-0.1981,-0.3364,-0.3813,-0.2461,-0.5045,-0.4605,-0.3405,-0.4422,-0.4375,-0.3338,-0.4205,-0.4782,-0.2944,0.0232,-0.0097,-0.2963,-0.3329,-0.3822,-0.3211,-0.2105,-0.4852,-0.1684,-0.162,-0.1141,0.1054,-0.3026,-0.4493,-0.4325,-0.4217],[0.5935,0.5528,0.2699,0.2338,0.6012,0.5437,0.6568,0.6279,0.7314,0.743,0.5505,1,0.4277,0.3217,0.1736,0.4861,0.3385,0.2775,0.5832,0.3895,0.3785,0.6304,0.3949,0.6418,0.4247,0.349,0.4433,0.3104,0.3067,0.5107,0.4941,0.518,0.5619,0.4457,0.5234,0.7065,0.5626,0.2189,0.3111,0.5715,0.4762,0.2488,0.5599,0.5105,0.5695,0.5097,0.3524,-0.2088,-0.4905,-0.5869,-0.5453,-0.1346,-0.2959,-0.52,-0.5647,-0.492,-0.4586,-0.3146,-0.4491,-0.2527,-0.2614,-0.2699,-0.191,-0.3092,-0.288,-0.0907,-0.4905,-0.3846,-0.2001,-0.3839,-0.2802,-0.4083,-0.3638,-0.4062,-0.4299,-0.5463,-0.4955,-0.4839,-0.5599,-0.4736,-0.4564,-0.3871,-0.3566,-0.3121,-0.1154,-0.2029,-0.4009,-0.3639,-0.41,-0.3679,-0.1779,-0.3829,-0.2076,-0.2178,-0.1656,0.0744,-0.354,-0.5903,-0.5552,-0.5701],[0.471,0.4813,0.15,0.1503,0.4928,0.4693,0.5122,0.5153,0.4695,0.5294,0.4074,0.4277,1,0.2278,0.2456,0.3332,0.3446,0.2265,0.4318,0.3196,0.3166,0.3532,0.29,0.2243,0.1714,0.2645,0.2331,0.2657,0.2841,0.4334,0.4021,0.438,0.4594,0.3737,0.3745,0.4709,0.4235,0.1069,0.3777,0.4185,0.4264,0.2839,0.3665,0.3797,0.4473,0.3195,0.3158,-0.1637,-0.4323,-0.4819,-0.4668,-0.2385,-0.1778,-0.3887,-0.4516,-0.3015,-0.3604,-0.2924,-0.3659,-0.1146,-0.2033,-0.2403,-0.1573,-0.2372,-0.2777,-0.1359,-0.4028,-0.2632,-0.1903,-0.3213,-0.2431,-0.3237,-0.2662,-0.362,-0.4099,-0.4659,-0.4218,-0.3549,-0.4457,-0.3174,-0.3151,-0.3531,-0.3059,-0.3023,-0.2112,-0.1958,-0.3266,-0.3709,-0.3585,-0.3671,-0.1919,-0.3962,-0.1977,-0.1274,-0.1222,0.0471,-0.2771,-0.446,-0.4406,-0.4534],[0.4846,0.4678,0.0481,0.0726,0.4902,0.4882,0.4488,0.5088,0.4021,0.4287,0.1906,0.3217,0.2278,1,0.2616,0.4602,0.3896,0.4441,0.407,0.2848,0.1882,0.3242,0.3315,0.2187,0.2409,0.2443,0.3233,0.334,0.3988,0.3827,0.2412,0.2398,0.4247,0.4045,0.3825,0.4111,0.3943,-0.109,0.2485,0.3493,0.3662,0.3017,0.2828,0.2059,0.319,0.302,0.1697,-0.0798,-0.3239,-0.4788,-0.4764,-0.2903,-0.0765,-0.445,-0.4693,-0.4544,-0.3216,-0.2337,-0.3057,-0.2001,-0.3384,-0.3088,-0.3934,-0.4365,-0.2836,-0.1843,-0.5213,-0.5439,-0.3029,-0.4383,-0.0554,-0.351,-0.0128,-0.1542,-0.1554,-0.3449,-0.1903,-0.2391,-0.4305,-0.4131,-0.2401,-0.3366,-0.0988,-0.4052,-0.2019,-0.3033,-0.2887,-0.1156,-0.2864,-0.2029,-0.2432,-0.0873,-0.1134,-0.1658,-0.2135,0.0392,-0.2832,-0.4877,-0.5084,-0.4724],[0.4192,0.4291,0.0275,0.0803,0.4061,0.4313,0.3928,0.3857,0.2487,0.3012,0.15,0.1736,0.2456,0.2616,1,0.2914,0.3246,0.2685,0.3904,0.2937,0.0996,0.2471,0.3503,0.1545,0.2565,0.1553,0.2836,0.2449,0.3228,0.3789,0.2713,0.2807,0.3834,0.3955,0.3395,0.3314,0.3259,0.0827,0.3238,0.1945,0.2567,0.2138,0.304,0.1552,0.2697,0.2633,0.2048,-0.2268,-0.2594,-0.4044,-0.385,-0.3389,-0.2179,-0.3819,-0.3581,-0.3863,-0.2356,-0.0988,-0.1556,-0.2827,-0.2379,-0.312,-0.2012,-0.2394,-0.3051,-0.2395,-0.3227,-0.2832,-0.1967,-0.3288,-0.1038,-0.2039,-0.0484,-0.1368,-0.1754,-0.2944,-0.2582,-0.2754,-0.3235,-0.3361,-0.2885,-0.2641,-0.1669,-0.2736,-0.2499,-0.3212,-0.1997,-0.2522,-0.2075,-0.2047,-0.1555,-0.1592,-0.0566,-0.0858,-0.0904,0.046,-0.2442,-0.3986,-0.3636,-0.3433],[0.5378,0.5872,0.0993,0.0495,0.6286,0.5503,0.5258,0.6113,0.5982,0.6096,0.334,0.4861,0.3332,0.4602,0.2914,1,0.5112,0.4183,0.6308,0.3962,0.2335,0.3167,0.3861,0.2333,0.3376,0.2722,0.3886,0.3557,0.4798,0.482,0.3626,0.5674,0.5529,0.5368,0.4708,0.5764,0.544,0.0578,0.3458,0.4509,0.5357,0.3221,0.4819,0.4964,0.5352,0.4119,0.229,-0.1824,-0.4004,-0.5229,-0.4689,-0.2034,-0.2001,-0.3948,-0.4446,-0.4124,-0.3193,-0.3078,-0.4302,-0.1433,-0.2375,-0.2003,-0.1445,-0.2423,-0.2683,-0.0277,-0.419,-0.3927,-0.3131,-0.4548,-0.1526,-0.4371,-0.1261,-0.2296,-0.3514,-0.3961,-0.3277,-0.3299,-0.4807,-0.3983,-0.3412,-0.2954,-0.1979,-0.2237,-0.0632,-0.2015,-0.3106,-0.2768,-0.3397,-0.2661,-0.0153,-0.2084,-0.2166,-0.2505,-0.1503,0.0587,-0.3348,-0.4993,-0.4974,-0.5042],[0.658,0.6777,0.2563,0.2629,0.7157,0.6702,0.6229,0.6698,0.4846,0.5202,0.1923,0.3385,0.3446,0.3896,0.3246,0.5112,1,0.5666,0.6666,0.4938,0.4056,0.3358,0.4822,0.2181,0.3873,0.2267,0.3356,0.312,0.5897,0.6438,0.4071,0.5867,0.636,0.6472,0.5312,0.5451,0.58,0.1583,0.4569,0.3627,0.5994,0.4051,0.4827,0.4263,0.448,0.2579,0.2469,-0.3015,-0.5026,-0.6369,-0.594,-0.4638,-0.3433,-0.5284,-0.5654,-0.5559,-0.363,-0.3432,-0.4118,-0.2457,-0.3803,-0.2025,-0.2274,-0.2235,-0.4379,-0.2099,-0.5145,-0.5041,-0.28,-0.4333,-0.2266,-0.4349,-0.1998,-0.3194,-0.4256,-0.5334,-0.345,-0.4603,-0.5567,-0.3733,-0.4483,-0.3803,-0.1688,-0.3699,-0.2604,-0.4642,-0.4037,-0.3674,-0.3652,-0.3287,-0.1754,-0.1538,-0.1101,-0.2953,-0.192,0.0343,-0.3683,-0.6195,-0.6092,-0.6064],[0.4975,0.5396,0.1936,0.2021,0.5329,0.5105,0.4597,0.5571,0.3774,0.404,0.1386,0.2775,0.2265,0.4441,0.2685,0.4183,0.5666,1,0.5194,0.4496,0.215,0.2843,0.3332,0.2072,0.2948,0.2469,0.2744,0.2652,0.3847,0.4553,0.2499,0.4512,0.5056,0.4912,0.4391,0.41,0.4016,0.1534,0.3165,0.3035,0.4494,0.2673,0.3537,0.3128,0.3611,0.189,0.1913,-0.2336,-0.3628,-0.4962,-0.4514,-0.3301,-0.2379,-0.4009,-0.4494,-0.3917,-0.3434,-0.2655,-0.4192,-0.1617,-0.267,-0.193,-0.2078,-0.2937,-0.3418,-0.1565,-0.4117,-0.437,-0.2064,-0.3341,-0.2517,-0.405,-0.1311,-0.2462,-0.3629,-0.4139,-0.3438,-0.3398,-0.4542,-0.3637,-0.3115,-0.263,-0.085,-0.3179,-0.1871,-0.3778,-0.3298,-0.1999,-0.264,-0.225,-0.1067,-0.0579,-0.0934,-0.1922,-0.1634,0.0048,-0.246,-0.4519,-0.4991,-0.467],[0.8272,0.8612,0.2723,0.2401,0.8533,0.7861,0.8192,0.8166,0.7233,0.7652,0.4509,0.5832,0.4318,0.407,0.3904,0.6308,0.6666,0.5194,1,0.6301,0.4893,0.5412,0.6267,0.3405,0.5216,0.3567,0.4908,0.4181,0.6165,0.7426,0.6033,0.7588,0.7803,0.7938,0.7158,0.7814,0.7172,0.2206,0.5257,0.487,0.6815,0.4025,0.6166,0.5367,0.6279,0.5073,0.4096,-0.3594,-0.6614,-0.7888,-0.7594,-0.4511,-0.4724,-0.673,-0.7182,-0.6619,-0.3998,-0.4055,-0.5288,-0.3468,-0.3557,-0.3773,-0.2382,-0.2833,-0.5547,-0.3023,-0.6005,-0.5278,-0.3734,-0.5417,-0.3123,-0.5404,-0.3457,-0.389,-0.5035,-0.6693,-0.5668,-0.6249,-0.7566,-0.625,-0.5736,-0.4619,-0.3439,-0.4417,-0.3549,-0.4904,-0.5577,-0.6017,-0.5727,-0.4876,-0.2448,-0.3892,-0.2143,-0.3515,-0.193,0.1027,-0.4544,-0.7705,-0.7537,-0.758],[0.6624,0.6261,0.4113,0.3628,0.6426,0.6017,0.6707,0.6072,0.3816,0.4597,0.1614,0.3895,0.3196,0.2848,0.2937,0.3962,0.4938,0.4496,0.6301,1,0.2715,0.4757,0.4226,0.2852,0.3576,0.2884,0.3219,0.2739,0.6084,0.6384,0.4734,0.5962,0.5481,0.5551,0.456,0.5018,0.5088,0.3789,0.3481,0.3109,0.54,0.2496,0.3284,0.3912,0.3474,0.133,0.2989,-0.1779,-0.4599,-0.6328,-0.6119,-0.5292,-0.5104,-0.5707,-0.6172,-0.4924,-0.2961,-0.4287,-0.4496,-0.1859,-0.343,-0.1925,-0.2543,-0.1813,-0.4237,-0.322,-0.376,-0.3694,-0.23,-0.2302,-0.2317,-0.4627,-0.3425,-0.4181,-0.4176,-0.497,-0.473,-0.5785,-0.5647,-0.3304,-0.4318,-0.1973,-0.1402,-0.2946,-0.3949,-0.4933,-0.4287,-0.4576,-0.3615,-0.394,-0.3018,-0.2605,-0.1913,-0.3176,-0.1385,0.0502,-0.3602,-0.6081,-0.5727,-0.5722],[0.477,0.5141,0.1919,0.0883,0.4886,0.4665,0.5214,0.4942,0.4253,0.4348,0.2749,0.3785,0.3166,0.1882,0.0996,0.2335,0.4056,0.215,0.4893,0.2715,1,0.4713,0.5014,0.3942,0.4494,0.2191,0.2843,0.327,0.3453,0.3941,0.285,0.4128,0.5241,0.4419,0.4353,0.4792,0.3984,0.0877,0.3389,0.2379,0.3529,0.1833,0.2626,0.2537,0.3264,0.2954,0.306,-0.2393,-0.4553,-0.4554,-0.4504,-0.1978,-0.2094,-0.394,-0.4233,-0.4198,-0.326,-0.2538,-0.4542,-0.2844,-0.2064,-0.2927,-0.2331,-0.2092,-0.358,-0.1888,-0.4159,-0.4098,-0.1688,-0.3252,-0.2056,-0.2417,-0.257,-0.2682,-0.3494,-0.3982,-0.3612,-0.4012,-0.4408,-0.3986,-0.4803,-0.3399,-0.2721,-0.3079,-0.2767,-0.3265,-0.3417,-0.3948,-0.4224,-0.3492,-0.2452,-0.3582,-0.0468,-0.0825,-0.0379,0.1833,-0.144,-0.4423,-0.4383,-0.4521],[0.6316,0.5863,0.2649,0.2126,0.574,0.595,0.7743,0.674,0.4766,0.5449,0.4603,0.6304,0.3532,0.3242,0.2471,0.3167,0.3358,0.2843,0.5412,0.4757,0.4713,1,0.578,0.6982,0.5296,0.4174,0.4615,0.5069,0.3592,0.5197,0.4899,0.4537,0.5748,0.4267,0.5187,0.6125,0.4782,0.1413,0.4606,0.4565,0.3824,0.1879,0.3423,0.2032,0.3649,0.3995,0.3264,-0.2513,-0.5855,-0.6239,-0.6479,-0.2934,-0.3718,-0.6012,-0.6425,-0.5667,-0.3838,-0.2019,-0.3644,-0.3705,-0.3409,-0.4766,-0.3633,-0.3598,-0.5258,-0.3437,-0.5631,-0.5224,-0.2278,-0.414,-0.3156,-0.3009,-0.4144,-0.4107,-0.373,-0.5367,-0.5924,-0.5032,-0.5841,-0.547,-0.5665,-0.5081,-0.4233,-0.4538,-0.5042,-0.4848,-0.4868,-0.512,-0.5269,-0.4272,-0.4585,-0.4714,-0.124,-0.2263,-0.124,0.1395,-0.2566,-0.6428,-0.6103,-0.6158],[0.6457,0.6377,0.1025,0.0621,0.6218,0.6409,0.6724,0.6514,0.4716,0.5207,0.3586,0.3949,0.29,0.3315,0.3503,0.3861,0.4822,0.3332,0.6267,0.4226,0.5014,0.578,1,0.3734,0.6276,0.3375,0.423,0.5134,0.4525,0.5633,0.4265,0.5022,0.6137,0.5409,0.5872,0.6087,0.519,0.0154,0.4838,0.3261,0.3907,0.3252,0.3688,0.2407,0.3916,0.4224,0.3025,-0.2555,-0.5287,-0.6031,-0.6414,-0.3658,-0.3063,-0.6194,-0.6078,-0.6266,-0.3211,-0.1423,-0.3403,-0.3774,-0.3879,-0.4095,-0.3497,-0.3602,-0.5082,-0.4166,-0.5753,-0.5429,-0.3495,-0.5258,-0.2666,-0.2775,-0.2317,-0.2944,-0.271,-0.4937,-0.4846,-0.4131,-0.5579,-0.5348,-0.4996,-0.4888,-0.3794,-0.4472,-0.4156,-0.4954,-0.4644,-0.5082,-0.5495,-0.4137,-0.3492,-0.4286,0.0296,-0.1926,-0.0715,0.3229,-0.1136,-0.6512,-0.6193,-0.6119],[0.3931,0.3829,0.1999,0.1691,0.3843,0.3856,0.5434,0.4295,0.3052,0.3315,0.2414,0.6418,0.2243,0.2187,0.1545,0.2333,0.2181,0.2072,0.3405,0.2852,0.3942,0.6982,0.3734,1,0.4219,0.2609,0.3009,0.2972,0.1964,0.3191,0.2805,0.3522,0.4436,0.2909,0.3582,0.4261,0.2794,0.1519,0.3237,0.2206,0.2761,0.0873,0.2596,0.1304,0.214,0.2282,0.2361,-0.2374,-0.3792,-0.4468,-0.4625,-0.1942,-0.2521,-0.457,-0.4602,-0.4,-0.315,-0.1249,-0.2597,-0.265,-0.2613,-0.2992,-0.2601,-0.3032,-0.439,-0.2268,-0.4175,-0.3994,-0.1384,-0.3399,-0.2618,-0.1758,-0.2603,-0.2699,-0.2838,-0.4236,-0.4625,-0.3724,-0.4031,-0.4305,-0.4782,-0.3617,-0.2847,-0.2918,-0.3716,-0.3746,-0.3459,-0.337,-0.366,-0.2282,-0.2682,-0.2884,-0.0759,-0.092,-0.0545,0.1176,-0.2142,-0.4477,-0.4319,-0.4553],[0.5293,0.5152,0.1701,0.1176,0.5627,0.5806,0.5817,0.497,0.4697,0.4673,0.3433,0.4247,0.1714,0.2409,0.2565,0.3376,0.3873,0.2948,0.5216,0.3576,0.4494,0.5296,0.6276,0.4219,1,0.3092,0.387,0.3712,0.3802,0.409,0.3522,0.4415,0.577,0.4844,0.5285,0.6199,0.5282,0.1461,0.3668,0.2939,0.4075,0.2832,0.4231,0.2025,0.3884,0.2942,0.2103,-0.2038,-0.3339,-0.4737,-0.474,-0.1569,-0.1968,-0.5027,-0.4656,-0.4456,-0.3132,-0.029,-0.3119,-0.3019,-0.2519,-0.304,-0.2498,-0.284,-0.3378,-0.2946,-0.3876,-0.4132,-0.2031,-0.3313,-0.2233,-0.1762,-0.2046,-0.3031,-0.2227,-0.4242,-0.3974,-0.3282,-0.4078,-0.3763,-0.406,-0.3039,-0.2274,-0.209,-0.1811,-0.3241,-0.2962,-0.303,-0.3116,-0.2562,-0.1601,-0.273,0.0044,-0.1682,-0.079,0.1668,-0.1957,-0.4705,-0.4576,-0.4661],[0.4096,0.3982,0.1077,0.115,0.4029,0.3967,0.448,0.4419,0.3348,0.3753,0.3404,0.349,0.2645,0.2443,0.1553,0.2722,0.2267,0.2469,0.3567,0.2884,0.2191,0.4174,0.3375,0.2609,0.3092,1,0.2696,0.2904,0.275,0.3587,0.3316,0.2835,0.3655,0.2824,0.3646,0.4062,0.3466,0.0821,0.2481,0.3408,0.294,0.1798,0.3398,0.1942,0.3067,0.2847,0.1784,-0.1598,-0.3736,-0.4324,-0.4167,-0.2368,-0.1678,-0.3501,-0.3922,-0.3231,-0.2062,-0.1473,-0.2708,-0.1951,-0.2253,-0.2692,-0.2207,-0.2517,-0.2826,-0.1946,-0.3871,-0.3405,-0.2154,-0.2978,-0.2229,-0.2786,-0.2064,-0.2968,-0.2539,-0.3829,-0.374,-0.3071,-0.3969,-0.3645,-0.3265,-0.3502,-0.2485,-0.3161,-0.2635,-0.2692,-0.307,-0.292,-0.3324,-0.3157,-0.2746,-0.3211,-0.124,-0.2077,-0.0997,0.0464,-0.179,-0.4189,-0.4351,-0.4138],[0.4857,0.458,0.1134,0.1356,0.4752,0.4922,0.5278,0.5292,0.5373,0.5564,0.4125,0.4433,0.2331,0.3233,0.2836,0.3886,0.3356,0.2744,0.4908,0.3219,0.2843,0.4615,0.423,0.3009,0.387,0.2696,1,0.3762,0.2995,0.4325,0.3417,0.3991,0.5229,0.3731,0.4317,0.5426,0.4729,0.114,0.3665,0.4113,0.3633,0.1892,0.3836,0.3101,0.455,0.4747,0.2478,-0.1877,-0.4174,-0.4826,-0.4569,-0.1132,-0.1601,-0.4233,-0.4425,-0.4529,-0.3725,-0.1536,-0.3747,-0.2662,-0.1919,-0.289,-0.2113,-0.2442,-0.2463,-0.1151,-0.4539,-0.3688,-0.2187,-0.3261,-0.2038,-0.322,-0.2031,-0.2561,-0.2866,-0.3899,-0.3842,-0.3831,-0.4435,-0.4398,-0.372,-0.3345,-0.3049,-0.2878,-0.199,-0.2279,-0.2735,-0.2802,-0.359,-0.2285,-0.2209,-0.3188,-0.115,-0.2044,-0.1443,0.0429,-0.3135,-0.4906,-0.493,-0.4809],[0.4277,0.4354,-0.0392,-0.1525,0.3885,0.4292,0.4677,0.5032,0.4151,0.4434,0.343,0.3104,0.2657,0.334,0.2449,0.3557,0.312,0.2652,0.4181,0.2739,0.327,0.5069,0.5134,0.2972,0.3712,0.2904,0.3762,1,0.2788,0.2945,0.2981,0.2411,0.4558,0.364,0.4222,0.4687,0.4146,-0.1803,0.3473,0.3319,0.2759,0.2541,0.257,0.1224,0.2943,0.4961,0.2504,-0.189,-0.3954,-0.4313,-0.4591,-0.1575,-0.0568,-0.4732,-0.4468,-0.4766,-0.3624,0.0419,-0.2779,-0.3358,-0.1912,-0.3938,-0.3067,-0.3773,-0.2827,-0.2628,-0.5119,-0.457,-0.2953,-0.5451,-0.1229,-0.1815,-0.1402,-0.2248,-0.1099,-0.2999,-0.3685,-0.2187,-0.4056,-0.4562,-0.2959,-0.3474,-0.2739,-0.3559,-0.2575,-0.249,-0.3795,-0.2996,-0.5128,-0.2854,-0.2594,-0.3842,-0.0641,-0.1073,-0.1187,0.096,-0.0172,-0.4983,-0.4657,-0.4491],[0.6795,0.6303,0.2969,0.3422,0.714,0.6477,0.6386,0.5998,0.3678,0.4495,0.1065,0.3067,0.2841,0.3988,0.3228,0.4798,0.5897,0.3847,0.6165,0.6084,0.3453,0.3592,0.4525,0.1964,0.3802,0.275,0.2995,0.2788,1,0.6824,0.4151,0.5361,0.5796,0.6111,0.4584,0.4911,0.5432,0.228,0.345,0.3226,0.6021,0.3562,0.3172,0.4162,0.3064,0.1411,0.326,-0.1214,-0.4158,-0.6166,-0.6235,-0.5602,-0.434,-0.5589,-0.5786,-0.55,-0.2985,-0.4287,-0.4321,-0.2274,-0.4179,-0.2158,-0.2784,-0.0999,-0.384,-0.291,-0.3955,-0.4389,-0.2929,-0.2561,-0.2362,-0.4762,-0.3048,-0.3983,-0.4111,-0.4756,-0.3994,-0.5234,-0.5612,-0.3442,-0.4567,-0.2575,-0.0498,-0.3065,-0.3997,-0.4917,-0.3491,-0.372,-0.2689,-0.417,-0.2734,-0.1942,-0.1383,-0.3048,-0.1713,0.0723,-0.4207,-0.6204,-0.5819,-0.5748],[0.8228,0.7636,0.3564,0.4381,0.8338,0.787,0.8173,0.7837,0.5676,0.6407,0.2985,0.5107,0.4334,0.3827,0.3789,0.482,0.6438,0.4553,0.7426,0.6384,0.3941,0.5197,0.5633,0.3191,0.409,0.3587,0.4325,0.2945,0.6824,1,0.6718,0.7371,0.7308,0.6478,0.6049,0.6701,0.6969,0.292,0.4964,0.4458,0.6947,0.406,0.4992,0.5327,0.5072,0.2854,0.4024,-0.2648,-0.6489,-0.8094,-0.8023,-0.6263,-0.579,-0.6699,-0.7688,-0.6825,-0.2996,-0.4881,-0.448,-0.2631,-0.4566,-0.2425,-0.2438,-0.1781,-0.5443,-0.3774,-0.5312,-0.4658,-0.2964,-0.3376,-0.3325,-0.5931,-0.4453,-0.5196,-0.5326,-0.6471,-0.5616,-0.6848,-0.7306,-0.5027,-0.5836,-0.4438,-0.285,-0.4207,-0.4555,-0.5998,-0.5335,-0.587,-0.4583,-0.4796,-0.3395,-0.361,-0.186,-0.3919,-0.1802,0.0742,-0.4837,-0.7927,-0.7598,-0.7684],[0.6674,0.6262,0.2832,0.3098,0.6648,0.5768,0.6848,0.6504,0.5477,0.6136,0.4659,0.4941,0.4021,0.2412,0.2713,0.3626,0.4071,0.2499,0.6033,0.4734,0.285,0.4899,0.4265,0.2805,0.3522,0.3316,0.3417,0.2981,0.4151,0.6718,1,0.5837,0.595,0.5361,0.5266,0.629,0.6246,0.2525,0.334,0.5039,0.5292,0.2592,0.5322,0.4688,0.4802,0.3464,0.4677,-0.2726,-0.4712,-0.6826,-0.6634,-0.4325,-0.5147,-0.561,-0.6369,-0.5521,-0.2797,-0.316,-0.2837,-0.3102,-0.34,-0.2628,-0.2164,-0.2518,-0.4766,-0.3178,-0.4546,-0.3409,-0.217,-0.3046,-0.3444,-0.4435,-0.4823,-0.4983,-0.3862,-0.6025,-0.5251,-0.5788,-0.6723,-0.4899,-0.426,-0.429,-0.3384,-0.3636,-0.324,-0.4312,-0.4921,-0.5116,-0.4451,-0.4081,-0.3423,-0.4036,-0.1537,-0.4116,-0.1439,0.0652,-0.4076,-0.6631,-0.663,-0.631],[0.7141,0.7547,0.3606,0.437,0.7687,0.7227,0.7253,0.7423,0.6116,0.6461,0.3369,0.518,0.438,0.2398,0.2807,0.5674,0.5867,0.4512,0.7588,0.5962,0.4128,0.4537,0.5022,0.3522,0.4415,0.2835,0.3991,0.2411,0.5361,0.7371,0.5837,1,0.7229,0.7331,0.5956,0.6614,0.6403,0.4511,0.544,0.4129,0.6735,0.3346,0.5381,0.5755,0.5451,0.3105,0.3654,-0.2575,-0.578,-0.697,-0.6988,-0.3981,-0.4914,-0.5705,-0.6015,-0.5142,-0.2721,-0.4437,-0.4281,-0.1776,-0.2947,-0.1287,-0.0951,-0.1216,-0.4819,-0.2521,-0.3791,-0.3492,-0.2425,-0.2624,-0.4046,-0.574,-0.4031,-0.4646,-0.5001,-0.6226,-0.5827,-0.6252,-0.6844,-0.4922,-0.5207,-0.3351,-0.2691,-0.2681,-0.2852,-0.4947,-0.4431,-0.5461,-0.3972,-0.4143,-0.1481,-0.2914,-0.1959,-0.4009,-0.1504,0.0829,-0.4748,-0.6331,-0.6562,-0.6819],[0.7782,0.8131,0.2994,0.292,0.8303,0.8005,0.8124,0.8028,0.6753,0.7172,0.3941,0.5619,0.4594,0.4247,0.3834,0.5529,0.636,0.5056,0.7803,0.5481,0.5241,0.5748,0.6137,0.4436,0.577,0.3655,0.5229,0.4558,0.5796,0.7308,0.595,0.7229,1,0.7453,0.6919,0.7741,0.7096,0.2306,0.5265,0.4753,0.67,0.4086,0.5677,0.4633,0.5776,0.4396,0.3697,-0.333,-0.6215,-0.7704,-0.7583,-0.4036,-0.3938,-0.6713,-0.6968,-0.6427,-0.4574,-0.3526,-0.5146,-0.3839,-0.3957,-0.3469,-0.2796,-0.279,-0.5252,-0.2744,-0.6191,-0.5714,-0.3245,-0.4666,-0.3834,-0.4826,-0.4047,-0.4738,-0.5061,-0.6518,-0.6266,-0.614,-0.736,-0.5964,-0.5831,-0.4907,-0.3071,-0.3895,-0.3858,-0.5202,-0.4988,-0.5212,-0.5267,-0.4527,-0.2915,-0.3945,-0.1281,-0.2942,-0.2057,0.1027,-0.4101,-0.7385,-0.7587,-0.7551],[0.7161,0.8075,0.2375,0.3034,0.8117,0.7424,0.7005,0.7229,0.5778,0.6161,0.3075,0.4457,0.3737,0.4045,0.3955,0.5368,0.6472,0.4912,0.7938,0.5551,0.4419,0.4267,0.5409,0.2909,0.4844,0.2824,0.3731,0.364,0.6111,0.6478,0.5361,0.7331,0.7453,1,0.6594,0.6686,0.6376,0.2597,0.5389,0.3838,0.6516,0.4352,0.5676,0.452,0.4906,0.3684,0.371,-0.3423,-0.5367,-0.7104,-0.6924,-0.4344,-0.4159,-0.6296,-0.5993,-0.5878,-0.4127,-0.3368,-0.4364,-0.324,-0.3186,-0.3294,-0.2783,-0.2572,-0.5265,-0.2659,-0.5302,-0.4921,-0.3457,-0.4107,-0.3343,-0.5034,-0.356,-0.3805,-0.4584,-0.604,-0.5517,-0.6066,-0.7022,-0.5743,-0.4989,-0.3566,-0.2241,-0.3464,-0.3521,-0.4881,-0.4118,-0.4555,-0.4195,-0.466,-0.2582,-0.2453,-0.1403,-0.307,-0.1882,0.1068,-0.4385,-0.6938,-0.7046,-0.6869],[0.7218,0.7289,0.2333,0.2422,0.7134,0.7043,0.7146,0.7255,0.6487,0.6852,0.5035,0.5234,0.3745,0.3825,0.3395,0.4708,0.5312,0.4391,0.7158,0.456,0.4353,0.5187,0.5872,0.3582,0.5285,0.3646,0.4317,0.4222,0.4584,0.6049,0.5266,0.5956,0.6919,0.6594,1,0.7242,0.606,0.1598,0.5183,0.4097,0.4908,0.4113,0.5114,0.4256,0.5307,0.4776,0.349,-0.3048,-0.5689,-0.6929,-0.6736,-0.3303,-0.3777,-0.6581,-0.664,-0.6413,-0.4422,-0.253,-0.403,-0.3837,-0.3203,-0.3501,-0.3291,-0.3817,-0.4842,-0.3828,-0.5964,-0.5259,-0.3269,-0.4837,-0.3473,-0.4568,-0.3452,-0.4457,-0.4264,-0.655,-0.5668,-0.574,-0.6647,-0.6092,-0.5099,-0.5374,-0.393,-0.4445,-0.3062,-0.4412,-0.4944,-0.5225,-0.5256,-0.4828,-0.2842,-0.444,-0.0748,-0.2536,-0.1895,0.1257,-0.3468,-0.7025,-0.6984,-0.6718],[0.7793,0.7433,0.3032,0.227,0.7989,0.7552,0.8152,0.8202,0.877,0.8961,0.6214,0.7065,0.4709,0.4111,0.3314,0.5764,0.5451,0.41,0.7814,0.5018,0.4792,0.6125,0.6087,0.4261,0.6199,0.4062,0.5426,0.4687,0.4911,0.6701,0.629,0.6614,0.7741,0.6686,0.7242,1,0.8037,0.2132,0.4826,0.6231,0.613,0.4162,0.6714,0.546,0.7192,0.6364,0.4331,-0.2984,-0.6276,-0.7402,-0.6935,-0.2283,-0.3035,-0.6481,-0.6932,-0.6812,-0.5474,-0.2698,-0.525,-0.4132,-0.3306,-0.373,-0.2702,-0.3273,-0.3839,-0.2357,-0.6175,-0.5119,-0.2841,-0.4767,-0.3019,-0.4371,-0.41,-0.4937,-0.453,-0.6543,-0.602,-0.5674,-0.697,-0.5784,-0.5171,-0.5343,-0.3902,-0.3851,-0.1993,-0.3008,-0.482,-0.4842,-0.5072,-0.4635,-0.2443,-0.5017,-0.1609,-0.312,-0.1791,0.0916,-0.4535,-0.749,-0.7099,-0.7122],[0.7306,0.6912,0.2945,0.207,0.7808,0.7241,0.7322,0.7462,0.7685,0.7648,0.4737,0.5626,0.4235,0.3943,0.3259,0.544,0.58,0.4016,0.7172,0.5088,0.3984,0.4782,0.519,0.2794,0.5282,0.3466,0.4729,0.4146,0.5432,0.6969,0.6246,0.6403,0.7096,0.6376,0.606,0.8037,1,0.2205,0.4377,0.615,0.6919,0.477,0.6472,0.4916,0.6427,0.4535,0.4188,-0.2582,-0.5115,-0.6948,-0.6631,-0.3208,-0.3297,-0.6101,-0.6466,-0.6122,-0.4104,-0.3468,-0.4464,-0.3193,-0.3142,-0.2378,-0.2543,-0.2215,-0.3356,-0.2015,-0.4928,-0.4491,-0.2637,-0.394,-0.2134,-0.4663,-0.357,-0.3747,-0.3391,-0.551,-0.4701,-0.5025,-0.621,-0.4732,-0.4122,-0.3674,-0.2068,-0.3309,-0.1675,-0.307,-0.4179,-0.3894,-0.4177,-0.3763,-0.192,-0.3138,-0.1976,-0.3773,-0.2286,0.0778,-0.4856,-0.7017,-0.6788,-0.6746],[0.2635,0.2422,0.4552,0.6581,0.2569,0.2153,0.2452,0.2204,0.2079,0.2164,0.1349,0.2189,0.1069,-0.109,0.0827,0.0578,0.1583,0.1534,0.2206,0.3789,0.0877,0.1413,0.0154,0.1519,0.1461,0.0821,0.114,-0.1803,0.228,0.292,0.2525,0.4511,0.2306,0.2597,0.1598,0.2132,0.2205,1,0.1392,0.1117,0.2678,-0.0174,0.2191,0.2678,0.2153,-0.1118,0.2038,-0.038,-0.1314,-0.2257,-0.1502,-0.1151,-0.3083,-0.1627,-0.1813,-0.1467,-0.1085,-0.3696,-0.1732,-0.0074,-0.0689,0.0933,0.0718,0.1111,-0.1307,-0.0501,0.0969,0.0813,0.1382,0.3251,-0.3666,-0.3024,-0.2782,-0.2877,-0.2678,-0.3441,-0.3491,-0.4335,-0.2073,-0.0202,-0.2481,-0.002,0.0028,0.1096,0.0163,-0.105,0.099,-0.1531,0.1672,-0.0178,-0.0176,-0.0179,-0.0902,-0.2705,-0.0418,-0.0196,-0.4028,-0.1835,-0.1919,-0.1623],[0.5448,0.5333,0.2194,0.1772,0.5523,0.6117,0.5639,0.5816,0.3823,0.4249,0.2838,0.3111,0.3777,0.2485,0.3238,0.3458,0.4569,0.3165,0.5257,0.3481,0.3389,0.4606,0.4838,0.3237,0.3668,0.2481,0.3665,0.3473,0.345,0.4964,0.334,0.544,0.5265,0.5389,0.5183,0.4826,0.4377,0.1392,1,0.2364,0.3562,0.3876,0.3094,0.2809,0.3703,0.3109,0.2985,-0.2391,-0.4926,-0.5008,-0.5383,-0.3206,-0.3079,-0.5088,-0.4807,-0.5043,-0.2335,-0.1225,-0.1729,-0.1469,-0.2334,-0.1589,-0.1486,-0.2486,-0.4167,-0.3755,-0.3847,-0.3488,-0.2395,-0.3302,-0.2642,-0.262,-0.1943,-0.2071,-0.254,-0.4444,-0.4298,-0.3867,-0.4577,-0.3872,-0.3732,-0.382,-0.2472,-0.3466,-0.3314,-0.4237,-0.3064,-0.4234,-0.3507,-0.2382,-0.2283,-0.2688,-0.0657,-0.2351,-0.0797,0.1316,-0.2823,-0.5122,-0.4871,-0.4979],[0.5057,0.4732,0.1955,0.1144,0.4933,0.4366,0.5581,0.6318,0.689,0.7091,0.6459,0.5715,0.4185,0.3493,0.1945,0.4509,0.3627,0.3035,0.487,0.3109,0.2379,0.4565,0.3261,0.2206,0.2939,0.3408,0.4113,0.3319,0.3226,0.4458,0.5039,0.4129,0.4753,0.3838,0.4097,0.6231,0.615,0.1117,0.2364,1,0.5212,0.3281,0.5829,0.4699,0.5666,0.4866,0.3203,-0.1637,-0.3913,-0.4705,-0.4136,-0.0419,-0.1714,-0.3394,-0.4004,-0.36,-0.4274,-0.2284,-0.3329,-0.1863,-0.195,-0.2362,-0.2157,-0.1764,-0.084,0.0931,-0.4495,-0.356,-0.2131,-0.2852,-0.1998,-0.3095,-0.3342,-0.3837,-0.2697,-0.4084,-0.3841,-0.3076,-0.4528,-0.33,-0.1637,-0.2553,-0.1758,-0.2715,0.0383,-0.0387,-0.3094,-0.1824,-0.2766,-0.3084,-0.1726,-0.2743,-0.1952,-0.243,-0.2208,0.0136,-0.3278,-0.4748,-0.4756,-0.4406],[0.6825,0.6351,0.3499,0.2878,0.7629,0.6692,0.6766,0.6736,0.5852,0.6193,0.249,0.4762,0.4264,0.3662,0.2567,0.5357,0.5994,0.4494,0.6815,0.54,0.3529,0.3824,0.3907,0.2761,0.4075,0.294,0.3633,0.2759,0.6021,0.6947,0.5292,0.6735,0.67,0.6516,0.4908,0.613,0.6919,0.2678,0.3562,0.5212,1,0.4059,0.5386,0.4945,0.4899,0.2483,0.3336,-0.2232,-0.4258,-0.6229,-0.6056,-0.3908,-0.2974,-0.5328,-0.549,-0.4418,-0.3495,-0.3523,-0.4462,-0.1566,-0.2702,-0.0919,-0.1486,-0.0255,-0.2326,-0.0498,-0.3856,-0.4016,-0.2701,-0.2822,-0.2268,-0.5262,-0.3136,-0.3746,-0.4541,-0.4797,-0.3717,-0.48,-0.5847,-0.3387,-0.3391,-0.1956,-0.029,-0.2521,-0.1997,-0.3251,-0.3797,-0.3465,-0.326,-0.321,-0.1293,-0.212,-0.1905,-0.309,-0.2448,0.0295,-0.471,-0.5699,-0.6086,-0.5962],[0.4248,0.3932,0.0914,0.018,0.5043,0.5005,0.393,0.4164,0.3673,0.3679,0.1731,0.2488,0.2839,0.3017,0.2138,0.3221,0.4051,0.2673,0.4025,0.2496,0.1833,0.1879,0.3252,0.0873,0.2832,0.1798,0.1892,0.2541,0.3562,0.406,0.2592,0.3346,0.4086,0.4352,0.4113,0.4162,0.477,-0.0174,0.3876,0.3281,0.4059,1,0.396,0.2199,0.3241,0.183,0.2385,-0.135,-0.2423,-0.3731,-0.3959,-0.2899,-0.1389,-0.4276,-0.3728,-0.3347,-0.2407,-0.0737,-0.1565,-0.1405,-0.1748,-0.1462,-0.1846,-0.0936,-0.1736,-0.1998,-0.2861,-0.2981,-0.1745,-0.3131,-0.0011,-0.2565,-0.0944,-0.1314,-0.141,-0.3145,-0.2211,-0.2114,-0.2888,-0.2312,-0.1347,-0.1825,0.0151,-0.1995,-0.1407,-0.1893,-0.2705,-0.2055,-0.227,-0.2967,-0.1263,-0.1131,-0.0381,-0.1549,-0.1415,0.043,-0.2576,-0.4257,-0.3939,-0.3702],[0.5385,0.5717,0.2022,0.1568,0.6379,0.5623,0.5571,0.5922,0.6714,0.6817,0.5136,0.5599,0.3665,0.2828,0.304,0.4819,0.4827,0.3537,0.6166,0.3284,0.2626,0.3423,0.3688,0.2596,0.4231,0.3398,0.3836,0.257,0.3172,0.4992,0.5322,0.5381,0.5677,0.5676,0.5114,0.6714,0.6472,0.2191,0.3094,0.5829,0.5386,0.396,1,0.4602,0.6527,0.4242,0.2995,-0.2723,-0.3654,-0.5372,-0.46,-0.1455,-0.1706,-0.4237,-0.43,-0.4167,-0.3884,-0.2067,-0.2973,-0.2167,-0.15,-0.2032,-0.1449,-0.2137,-0.232,-0.0123,-0.365,-0.287,-0.2,-0.3455,-0.2096,-0.3753,-0.2603,-0.3114,-0.3387,-0.5381,-0.3924,-0.3682,-0.4693,-0.3951,-0.3162,-0.2913,-0.224,-0.1659,-0.0066,-0.0893,-0.3018,-0.2574,-0.3045,-0.3256,-0.0688,-0.2421,-0.1497,-0.3112,-0.2332,0.0325,-0.408,-0.5297,-0.5395,-0.5151],[0.4943,0.4856,0.2977,0.3406,0.5259,0.4438,0.453,0.5264,0.6279,0.6233,0.4092,0.5105,0.3797,0.2059,0.1552,0.4964,0.4263,0.3128,0.5367,0.3912,0.2537,0.2032,0.2407,0.1304,0.2025,0.1942,0.3101,0.1224,0.4162,0.5327,0.4688,0.5755,0.4633,0.452,0.4256,0.546,0.4916,0.2678,0.2809,0.4699,0.4945,0.2199,0.4602,1,0.5317,0.3807,0.2838,-0.1041,-0.4064,-0.5128,-0.4118,-0.1276,-0.3151,-0.3483,-0.403,-0.3555,-0.2826,-0.4146,-0.4584,-0.0402,-0.2095,0.0327,-0.016,-0.0889,-0.1538,0.0143,-0.3215,-0.2202,-0.2163,-0.1663,-0.3596,-0.4681,-0.3146,-0.4402,-0.4383,-0.5107,-0.4149,-0.4643,-0.5039,-0.3119,-0.3368,-0.2307,-0.2996,-0.2319,0.0057,-0.1479,-0.3033,-0.3198,-0.2638,-0.3273,-0.0376,-0.2755,-0.2248,-0.2921,-0.1928,0.0176,-0.4014,-0.4529,-0.4725,-0.4636],[0.5646,0.5765,0.2376,0.1852,0.6309,0.5761,0.5681,0.6229,0.7924,0.7684,0.6066,0.5695,0.4473,0.319,0.2697,0.5352,0.448,0.3611,0.6279,0.3474,0.3264,0.3649,0.3916,0.214,0.3884,0.3067,0.455,0.2943,0.3064,0.5072,0.4802,0.5451,0.5776,0.4906,0.5307,0.7192,0.6427,0.2153,0.3703,0.5666,0.4899,0.3241,0.6527,0.5317,1,0.5731,0.3332,-0.2118,-0.4677,-0.5481,-0.4653,-0.0592,-0.1676,-0.4235,-0.4976,-0.4571,-0.4556,-0.287,-0.4302,-0.2116,-0.1438,-0.2183,-0.0482,-0.2474,-0.1918,-0.049,-0.4304,-0.2176,-0.1959,-0.3402,-0.2368,-0.3845,-0.2315,-0.3113,-0.3582,-0.5061,-0.4021,-0.395,-0.5158,-0.4321,-0.3493,-0.382,-0.3128,-0.1576,0.0135,-0.079,-0.3392,-0.3179,-0.3383,-0.309,-0.0572,-0.3535,-0.2166,-0.2742,-0.1779,0.0636,-0.3893,-0.527,-0.5267,-0.5297],[0.4208,0.4352,-0.0354,-0.083,0.4002,0.4056,0.4432,0.5192,0.6836,0.6798,0.5632,0.5097,0.3195,0.302,0.2633,0.4119,0.2579,0.189,0.5073,0.133,0.2954,0.3995,0.4224,0.2282,0.2942,0.2847,0.4747,0.4961,0.1411,0.2854,0.3464,0.3105,0.4396,0.3684,0.4776,0.6364,0.4535,-0.1118,0.3109,0.4866,0.2483,0.183,0.4242,0.3807,0.5731,1,0.2671,-0.242,-0.4611,-0.4094,-0.374,0.1016,-0.0249,-0.3642,-0.3776,-0.4541,-0.4122,0.0107,-0.3537,-0.3375,-0.1237,-0.368,-0.1515,-0.3426,-0.1433,-0.0462,-0.5098,-0.3284,-0.2721,-0.4769,-0.19,-0.2124,-0.1899,-0.2582,-0.2468,-0.3721,-0.3658,-0.2511,-0.4426,-0.513,-0.2599,-0.4272,-0.421,-0.3237,-0.0441,-0.0184,-0.3256,-0.2939,-0.4474,-0.3327,-0.1403,-0.4654,-0.1359,-0.079,-0.1223,0.0401,-0.128,-0.4548,-0.426,-0.424],[0.4472,0.3837,0.1724,0.2567,0.4208,0.3961,0.4515,0.4325,0.4143,0.4493,0.3391,0.3524,0.3158,0.1697,0.2048,0.229,0.2469,0.1913,0.4096,0.2989,0.306,0.3264,0.3025,0.2361,0.2103,0.1784,0.2478,0.2504,0.326,0.4024,0.4677,0.3654,0.3697,0.371,0.349,0.4331,0.4188,0.2038,0.2985,0.3203,0.3336,0.2385,0.2995,0.2838,0.3332,0.2671,1,-0.2057,-0.3101,-0.4082,-0.4139,-0.239,-0.2744,-0.3768,-0.4228,-0.3964,-0.305,-0.1965,-0.3304,-0.2256,-0.2101,-0.2347,-0.083,-0.2448,-0.3271,-0.2424,-0.3135,-0.2107,0.0322,-0.1369,-0.2117,-0.351,-0.2822,-0.2678,-0.3036,-0.4107,-0.3895,-0.3776,-0.4374,-0.345,-0.3095,-0.2873,-0.1793,-0.2085,-0.1874,-0.1928,-0.3393,-0.3147,-0.2455,-0.2079,-0.2276,-0.2873,-0.0609,-0.2228,-0.0222,0.0938,-0.3117,-0.4398,-0.4026,-0.4095],[-0.2756,-0.3397,-0.0435,-0.08,-0.3002,-0.3008,-0.3125,-0.3238,-0.2449,-0.2569,-0.1569,-0.2088,-0.1637,-0.0798,-0.2268,-0.1824,-0.3015,-0.2336,-0.3594,-0.1779,-0.2393,-0.2513,-0.2555,-0.2374,-0.2038,-0.1598,-0.1877,-0.189,-0.1214,-0.2648,-0.2726,-0.2575,-0.333,-0.3423,-0.3048,-0.2984,-0.2582,-0.038,-0.2391,-0.1637,-0.2232,-0.135,-0.2723,-0.1041,-0.2118,-0.242,-0.2057,1,0.3473,0.3577,0.3351,0.2027,0.2309,0.2533,0.3091,0.2714,0.1995,0.0547,0.1997,0.2517,0.193,0.2843,0.1474,0.178,0.333,0.1468,0.3343,0.2458,0.1508,0.274,0.2035,0.2225,0.1712,0.1495,0.2512,0.3273,0.2577,0.295,0.3549,0.3486,0.2334,0.3125,0.1843,0.2222,0.215,0.2772,0.2888,0.3646,0.2971,0.2063,0.1456,0.1323,0.0502,0.0984,0.0784,0.0525,0.1629,0.3625,0.3776,0.3696],[-0.6527,-0.682,-0.2534,-0.292,-0.6223,-0.6376,-0.7168,-0.7374,-0.5724,-0.6232,-0.4148,-0.4905,-0.4323,-0.3239,-0.2594,-0.4004,-0.5026,-0.3628,-0.6614,-0.4599,-0.4553,-0.5855,-0.5287,-0.3792,-0.3339,-0.3736,-0.4174,-0.3954,-0.4158,-0.6489,-0.4712,-0.578,-0.6215,-0.5367,-0.5689,-0.6276,-0.5115,-0.1314,-0.4926,-0.3913,-0.4258,-0.2423,-0.3654,-0.4064,-0.4677,-0.4611,-0.3101,0.3473,1,0.7401,0.759,0.3963,0.461,0.5624,0.6715,0.6149,0.3364,0.3504,0.4682,0.3409,0.3525,0.3827,0.34,0.3185,0.5786,0.3234,0.6819,0.497,0.3119,0.4806,0.4104,0.5064,0.4015,0.4833,0.6125,0.6383,0.5892,0.6808,0.7533,0.6663,0.5921,0.6498,0.5074,0.5288,0.5027,0.5617,0.58,0.6523,0.632,0.543,0.4679,0.5649,0.2418,0.3437,0.081,-0.0801,0.4254,0.737,0.7312,0.7691],[-0.8139,-0.831,-0.3281,-0.3792,-0.8376,-0.8165,-0.8535,-0.8384,-0.6435,-0.717,-0.4199,-0.5869,-0.4819,-0.4788,-0.4044,-0.5229,-0.6369,-0.4962,-0.7888,-0.6328,-0.4554,-0.6239,-0.6031,-0.4468,-0.4737,-0.4324,-0.4826,-0.4313,-0.6166,-0.8094,-0.6826,-0.697,-0.7704,-0.7104,-0.6929,-0.7402,-0.6948,-0.2257,-0.5008,-0.4705,-0.6229,-0.3731,-0.5372,-0.5128,-0.5481,-0.4094,-0.4082,0.3577,0.7401,1,0.919,0.6022,0.5805,0.7884,0.8538,0.7374,0.4178,0.4842,0.5144,0.4093,0.4933,0.4255,0.4287,0.4199,0.6966,0.4451,0.7341,0.6058,0.3496,0.5416,0.4471,0.6529,0.4698,0.5558,0.5839,0.7962,0.699,0.7894,0.887,0.7412,0.6789,0.6284,0.4708,0.5787,0.5416,0.7026,0.6541,0.7066,0.6716,0.6041,0.4911,0.4869,0.2645,0.3966,0.1989,-0.0822,0.5677,0.9202,0.9205,0.9168],[-0.8119,-0.8187,-0.2833,-0.3167,-0.8239,-0.8264,-0.8685,-0.8289,-0.5728,-0.6474,-0.3688,-0.5453,-0.4668,-0.4764,-0.385,-0.4689,-0.594,-0.4514,-0.7594,-0.6119,-0.4504,-0.6479,-0.6414,-0.4625,-0.474,-0.4167,-0.4569,-0.4591,-0.6235,-0.8023,-0.6634,-0.6988,-0.7583,-0.6924,-0.6736,-0.6935,-0.6631,-0.1502,-0.5383,-0.4136,-0.6056,-0.3959,-0.46,-0.4118,-0.4653,-0.374,-0.4139,0.3351,0.759,0.919,1,0.6629,0.5869,0.8273,0.8842,0.7557,0.3959,0.4187,0.4616,0.429,0.5171,0.4502,0.4665,0.4262,0.7293,0.5428,0.742,0.63,0.3636,0.571,0.3899,0.6063,0.4547,0.5257,0.5264,0.7568,0.666,0.756,0.8788,0.7542,0.6508,0.6349,0.4275,0.601,0.6407,0.7795,0.7276,0.7315,0.7139,0.5996,0.5475,0.4814,0.1985,0.3743,0.1833,-0.1157,0.5145,0.9243,0.9149,0.9349],[-0.6078,-0.5548,-0.1979,-0.2842,-0.5809,-0.5543,-0.5646,-0.4546,-0.0492,-0.1493,0.0877,-0.1346,-0.2385,-0.2903,-0.3389,-0.2034,-0.4638,-0.3301,-0.4511,-0.5292,-0.1978,-0.2934,-0.3658,-0.1942,-0.1569,-0.2368,-0.1132,-0.1575,-0.5602,-0.6263,-0.4325,-0.3981,-0.4036,-0.4344,-0.3303,-0.2283,-0.3208,-0.1151,-0.3206,-0.0419,-0.3908,-0.2899,-0.1455,-0.1276,-0.0592,0.1016,-0.239,0.2027,0.3963,0.6022,0.6629,1,0.5501,0.6045,0.6712,0.5517,0.0434,0.3666,0.1294,0.1972,0.4429,0.2338,0.3311,0.1896,0.6306,0.5935,0.3823,0.362,0.2251,0.3225,0.1884,0.4212,0.2231,0.2788,0.2818,0.4248,0.3471,0.4971,0.5084,0.3466,0.4248,0.3399,0.1328,0.4105,0.6398,0.7405,0.4629,0.5006,0.3743,0.3708,0.431,0.159,0.0986,0.2844,0.1001,-0.064,0.3237,0.6043,0.5397,0.5484],[-0.4766,-0.488,-0.3402,-0.3889,-0.4643,-0.4569,-0.5195,-0.4303,-0.1796,-0.2537,-0.1029,-0.2959,-0.1778,-0.0765,-0.2179,-0.2001,-0.3433,-0.2379,-0.4724,-0.5104,-0.2094,-0.3718,-0.3063,-0.2521,-0.1968,-0.1678,-0.1601,-0.0568,-0.434,-0.579,-0.5147,-0.4914,-0.3938,-0.4159,-0.3777,-0.3035,-0.3297,-0.3083,-0.3079,-0.1714,-0.2974,-0.1389,-0.1706,-0.3151,-0.1676,-0.0249,-0.2744,0.2309,0.461,0.5805,0.5869,0.5501,1,0.4496,0.5357,0.3868,0.0633,0.4649,0.2509,0.2197,0.3126,0.1356,0.195,0.1507,0.5671,0.3762,0.2933,0.2083,0.1573,0.1877,0.3265,0.456,0.4606,0.3664,0.4012,0.4868,0.3924,0.6435,0.5493,0.381,0.4177,0.2942,0.2858,0.3144,0.4619,0.6525,0.4595,0.5653,0.3502,0.3818,0.2982,0.1973,0.1851,0.3305,0.0767,-0.0646,0.3854,0.5323,0.5388